  icod ireg urbr txcr jeun age fe90 etra chom crim fisc agri arti cadr empl ouvr prof
1 Ai  RhA 12.19  0.095  0.339  0.285  0.133  0.070  0.045  0.084  0.088  0.240  0.347  0.195  2772.3  38.7 52.3
2 As  Pic  0.89  0.035  0.358  0.289  0.143  0.133  0.049  0.070  0.071  0.240  0.400  0.171  2854.4  52.2 56.9
3 Al  Auv -2.63  0.031  0.464  0.227  0.204  0.135  0.086  0.095  0.070  0.262  0.311  0.176  3159.6  39.0 42.7
4 AP  PAC 10.00  0.046  0.190  0.235  0.190  0.123  0.065  0.127  0.090  0.261  0.256  0.200  4033.1  57.7 52.3
5 AH  PAC  7.82  0.037  0.294  0.250  0.173  0.089  0.072  0.117  0.078  0.302  0.230  0.201  3364.9  49.2 53.5
6 AM  PAC 10.56  0.091  0.945  0.210  0.217  0.119  0.012  0.124  0.127  0.316  0.227  0.194  4335.4 123.6 50.0
7 Ar  RhA  3.84  0.039  0.281  0.252  0.184  0.105  0.085  0.106  0.073  0.224  0.329  0.184  2730.1  34.7 48.4
8 Ad  ChA -1.87  0.056  0.324  0.292  0.138  0.144  0.065  0.069  0.065  0.240  0.386  0.176  2476.5  52.7 55.6
9 Ag  MiP -0.17  0.055  0.000  0.215  0.228  0.120  0.090  0.103  0.073  0.261  0.298  0.175  3274.1  45.3 44.1
10 Ab ChA  0.22  0.057  0.424  0.270  0.155  0.113  0.068  0.067  0.067  0.227  0.401  0.170  3278.1  42.5 51.9
11 Ad LaR  6.39  0.058  0.299  0.223  0.213  0.167  0.090  0.103  0.080  0.268  0.285  0.174  3477.7  69.4 48.7
12 Av MiP -2.58  0.027  0.230  0.224  0.218  0.079  0.178  0.109  0.067  0.224  0.265  0.157  3042.6  30.2 43.1
13 BR PAC  2.26  0.065  0.869  0.253  0.151  0.169  0.014  0.085  0.135  0.292  0.245  0.228  3714.6  97.2 50.9
14 Ca BNo  5.09  0.018  0.354  0.285  0.135  0.120  0.061  0.080  0.083  0.262  0.320  0.194  3096.8  61.0 51.7
15 Cl Auv -2.68  0.012  0.227  0.233  0.195  0.109  0.199  0.118  0.057  0.229  0.253  0.144  2849.0  24.9 42.3
16 Ch PoC  0.61  0.020  0.381  0.248  0.181  0.119  0.089  0.090  0.073  0.235  0.352  0.161  3343.7  39.8 46.9
17 CM PoC  3.15  0.014  0.364  0.246  0.192  0.145  0.099  0.110  0.075  0.266  0.283  0.167  3080.4  51.6 47.8
18 Ce Cen  0.32  0.047  0.404  0.244  0.183  0.108  0.058  0.084  0.073  0.250  0.356  0.179  3257.3  40.9 48.4
19 Co Lim -1.83  0.037  0.352  0.216  0.223  0.102  0.119  0.100  0.071  0.246  0.293  0.171  3247.3  35.6 40.8
20 Cs Cor  4.18  0.099  0.443  0.233  0.175  0.153  0.052  0.137  0.086  0.301  0.256  0.169  2965.5  88.5 50.5
21 CO Bou  5.02  0.056  0.509  0.267  0.143  0.099  0.047  0.072  0.104  0.271  0.303  0.203  2928.2  45.4 49.9
22 CA Bre -0.11  0.007  0.206  0.256  0.189  0.114  0.139  0.100  0.076  0.238  0.271  0.176  2601.5  40.1 48.3
23 Cr Lim -5.73  0.015  0.000  0.198  0.254  0.115  0.208  0.096  0.054  0.244  0.254  0.145  2216.9  25.6 43.7
24 Dd Aqu  2.47  0.029  0.253  0.221  0.219  0.121  0.132  0.112  0.067  0.253  0.290  0.147  2530.0  34.1 43.8
25 Db FrC  1.94  0.071  0.495  0.285  0.122  0.091  0.041  0.066  0.086  0.228  0.381  0.199  3163.3  46.2 51.4
26 Dr RhA  6.63  0.058  0.412  0.269  0.156  0.123  0.066  0.096  0.086  0.232  0.316  0.203  3493.9  63.8 54.5
27 Eu HNo 10.99  0.035  0.213  0.298  0.127  0.105  0.043  0.078  0.079  0.231  0.388  0.180  2731.6  45.5 55.5
28 EL Cen  9.48  0.059  0.338  0.293  0.143  0.092  0.047  0.071  0.083  0.254  0.365  0.180  2962.2  46.2 55.2
29 Fi Bre  1.19  0.009  0.379  0.258  0.172  0.113  0.090  0.089  0.088  0.262  0.277  0.193  2818.2  35.2 51.4
30 Ga LaR 10.73  0.064  0.425  0.250  0.169  0.159  0.048  0.106  0.097  0.253  0.299  0.197  3432.4  81.9 50.6
31 HG MiP 12.85  0.051  0.702  0.239  0.142  0.114  0.029  0.082  0.159  0.267  0.226  0.237  4169.4  68.1 45.5
32 Ge MiP  0.44  0.035  0.132  0.213  0.220  0.092  0.222  0.098  0.072  0.227  0.233  0.147  2635.2  31.1 42.8
33 Gi Aqu  7.65  0.044  0.634  0.251  0.155  0.128  0.035  0.085  0.119  0.278  0.275  0.208  3806.5  66.8 45.9
34 He LaR 12.18  0.062  0.515  0.241  0.172  0.164  0.041  0.108  0.132  0.279  0.230  0.210  3862.9  92.9 48.8
35 IV Bre  6.81  0.014  0.426  0.279  0.136  0.092  0.090  0.075  0.101  0.257  0.291  0.188  2765.3  36.6 50.8
36 In Cen -2.02  0.021  0.282  0.228  0.210  0.101  0.096  0.086  0.060  0.245  0.363  0.150  3043.1  36.7 44.2
37 IL Cen  5.24  0.035  0.533  0.261  0.157  0.105  0.047  0.078  0.101  0.265  0.315  0.195  3142.6  46.3 48.1
38 Is RhA  8.53  0.079  0.558  0.279  0.123  0.093  0.026  0.087  0.122  0.237  0.304  0.224  4250.1  65.0 52.3
39 Ju FrC  2.77  0.056  0.230  0.266  0.170  0.076  0.061  0.084  0.063  0.229  0.392  0.172  2808.1  33.8 52.9
40 La Aqu  4.86  0.028  0.267  0.234  0.194  0.102  0.096  0.100  0.068  0.260  0.317  0.158  2713.9  43.5 45.0
41 LC Cen  3.75  0.041  0.285  0.253  0.187  0.089  0.069  0.081  0.067  0.247  0.375  0.161  3229.4  31.2 49.3
42 Lo RhA  0.97  0.071  0.695  0.268  0.159  0.120  0.042  0.091  0.083  0.238  0.356  0.189  2831.4  56.4 49.7
43 LH Auv  0.53  0.029  0.210  0.249  0.185  0.102  0.134  0.108  0.061  0.214  0.318  0.164  2529.3  24.6 46.8
44 LM PaL  5.60  0.017  0.597  0.288  0.134  0.121  0.050  0.075  0.110  0.269  0.291  0.205  3328.6  50.8 50.8
45 Lr Cen  8.37  0.072  0.510  0.274  0.146  0.093  0.036  0.068  0.108  0.265  0.328  0.196  3613.0  49.2 53.0
46 Lt MiP  1.02  0.032  0.145  0.218  0.222  0.107  0.172  0.118  0.074  0.238  0.237  0.161  2537.8  36.4 44.5
47 LG Aqu  2.02  0.054  0.395  0.238  0.200  0.130  0.140  0.104  0.073  0.248  0.279  0.156  2985.3  45.0 47.2
48 Lz LaR -1.5   0.037  0.000  0.236  0.207  0.080  0.182  0.115  0.070  0.225  0.220  0.189  2441.3  31.2 46.0
49 ML PaL  4.37  0.020  0.418  0.301  0.141  0.111  0.082  0.072  0.084  0.240  0.346  0.176  2819.5  44.0 53.3
50 Mc BNo  3.45  0.008  0.247  0.277  0.161  0.100  0.142  0.083  0.059  0.231  0.311  0.173  2922.1  31.5 56.8
51 Ma ChA  3.07  0.043  0.540  0.283  0.127  0.109  0.072  0.061  0.091  0.256  0.333  0.188  2978.0  55.7 53.1
52 MH ChA -2.84  0.037  0.319  0.276  0.158  0.103  0.071  0.069  0.063  0.243  0.387  0.167  2274.0  40.9 55.5
53 My PaL  2.74  0.008  0.204  0.288  0.158  0.069  0.176  0.070  0.056  0.212  0.340  0.147  3040.2  29.6 53.8
54 MM Lor -0.53  0.060  0.653  0.272  0.132  0.111  0.021  0.062  0.110  0.284  0.304  0.219  2964.5  48.3 52.0
55 Mu Lor -1.87  0.034  0.259  0.277  0.158  0.107  0.084  0.070  0.063  0.245  0.357  0.181  2420.9  52.5 55.5
56 Mh Bre  5.25  0.007  0.260  0.274  0.160  0.121  0.100  0.095  0.073  0.246  0.312  0.175  2607.8  36.5 52.4
57 Mo Lor  0.34  0.087  0.559  0.278  0.118  0.116  0.016  0.057  0.080  0.259  0.377  0.211  2712.8  37.9 52.6
58 Ni Bou -1.71  0.027  0.252  0.233  0.211  0.118  0.081  0.095  0.065  0.251  0.340  0.168  2952.4  43.2 47.6
59 No NPC  0.66  0.054  0.764  0.307  0.122  0.156  0.020  0.066  0.100  0.268  0.338  0.208  3336.4  68.6 60.0
60 Oi Pic  9.89  0.062  0.363  0.306  0.110  0.099  0.022  0.068  0.097  0.253  0.362  0.199  3047.5  48.6 57.3
61 Or BNo -0.56  0.024  0.216  0.274  0.165  0.103  0.122  0.082  0.052  0.228  0.360  0.155  2862.4  38.7 51.2
62 PC NPC  1.73  0.021  0.672  0.307  0.133  0.153  0.041  0.070  0.068  0.253  0.385  0.184  2471.5  48.6 58.5
63 PD Auv  0.52  0.058  0.467  0.245  0.154  0.111  0.061  0.085  0.095  0.260  0.300  0.199  2856.6  46.7 43.0
64 PA Aqu  4.51  0.044  0.513  0.238  0.183  0.118  0.081  0.095  0.090  0.267  0.274  0.192  2958.0  51.6 44.9
65 PH MiP -1.46  0.035  0.346  0.219  0.195  0.139  0.086  0.107  0.080  0.275  0.267  0.186  2874.2  56.6 43.4
66 PO LaR  8.63  0.072  0.434  0.226  0.215  0.173  0.062  0.124  0.093  0.291  0.255  0.174  3408.5  96.2 47.8
67 RB Als  4.31  0.072  0.443  0.261  0.127  0.075  0.020  0.051  0.113  0.259  0.362  0.195  2730.9  57.3 52.7
68 RH Als  3.50  0.090  0.590  0.267  0.128  0.072  0.022  0.052  0.088  0.250  0.393  0.196  2809.0  50.2 55.1
69 Ro RhA  4.71  0.097  0.841  0.266  0.128  0.091  0.020  0.077  0.142  0.262  0.268  0.230  3971.8  83.1 54.9
70 SH FrC -0.66  0.043  0.129  0.283  0.162  0.111  0.075  0.077  0.057  0.229  0.391  0.171  2224.8  33.6 51.6
71 SL Bou -2.01  0.057  0.377  0.255  0.178  0.108  0.080  0.089  0.066  0.237  0.356  0.172  2996.5  37.4 49.5
72 Sa PaL  1.88  0.016  0.374  0.274  0.158  0.109  0.068  0.072  0.071  0.257  0.364  0.168  2821.1  33.7 51.4
73 Sv RhA  7.58  0.066  0.479  0.263  0.140  0.075  0.029  0.100  0.087  0.261  0.305  0.219  5029.7  69.9 52.1
74 SH RhA 15.09  0.086  0.566  0.276  0.116  0.063  0.025  0.097  0.093  0.246  0.338  0.200  3463.1  60.6 53.7
75 Pa IdF -1.17  0.158  1.001  0.186  0.159  0.097  0.000  0.075  0.321  0.255  0.134  0.215  3443.3 139.9 51.1
76 Sm HNo  2.62  0.031  0.644  0.286  0.133  0.137  0.031  0.069  0.087  0.262  0.349  0.202  3802.8  63.5 56.1
77 SM IdF 21.87  0.085  0.561  0.312  0.098  0.080  0.012  0.065  0.126  0.294  0.277  0.227  2858.6  61.0 55.3
78 Yv IdF  9.24  0.104  0.844  0.296  0.092  0.067  0.004  0.058  0.220  0.276  0.197  0.245  3321.1  65.2 55.8
79 2S PoC  1.53  0.014  0.190  0.262  0.173  0.105  0.120  0.087  0.072  0.252  0.315  0.154  2721.4  26.1 48.3
80 So Pic  0.93  0.024  0.339  0.286  0.143  0.140  0.060  0.072  0.082  0.247  0.368  0.172  3080.7  54.8 53.6
81 Ta MiP  1.32  0.042  0.397  0.234  0.200  0.112  0.091  0.097  0.078  0.248  0.312  0.174  2812.7  39.1 46.6
82 TG MiP  5.72  0.048  0.265  0.238  0.194  0.112  0.144  0.092  0.073  0.237  0.289  0.165  2715.4  43.7 48.0
83 Va PAC 14.72  0.063  0.681  0.238  0.187  0.163  0.025  0.126  0.103  0.298  0.245  0.204  3464.5 100.8 53.7
84 Vc PAC  9.14  0.078  0.525  0.260  0.156  0.141  0.059  0.101  0.095  0.253  0.302  0.190  4191.5  75.1 54.0
85 Ve PaL  5.52  0.006  0.158  0.277  0.165  0.094  0.101  0.093  0.057  0.230  0.370  0.149  2592.2  34.0 51.1
86 Vi PoC  2.38  0.017  0.378  0.253  0.172  0.107  0.077  0.077  0.093  0.268  0.305  0.181  2606.8  33.9 43.7
87 VH Lim -0.21  0.026  0.481  0.219  0.200  0.098  0.069  0.078  0.089  0.266  0.306  0.192  2944.5  36.8 39.5
88 Vo Lor -1.90  0.046  0.289  0.275  0.155  0.119  0.048  0.078  0.064  0.228  0.412  0.171  2442.3  34.2 53.4
89 Yo Bou  3.89  0.054  0.242  0.262  0.187  0.107  0.066  0.090  0.071  0.256  0.351  0.166  2803.6  41.0 54.3
90 TB FrC  1.87  0.075  0.572  0.274  0.131  0.113  0.013  0.066  0.093  0.246  0.366  0.215  3060.6  43.1 52.4
91 Es IdF  9.82  0.089  0.871  0.286  0.090  0.072  0.004  0.054  0.171  0.301  0.220  0.250  3470.4  69.4 54.9
92 HS IdF  0.31  0.130  1.001  0.236  0.130  0.082  0.000  0.059  0.249  0.282  0.177  0.232  4533.1  69.7 58.0
93 SS IdF  4.12  0.189  1.000  0.285  0.097  0.119  0.000  0.057  0.097  0.333  0.300  0.212  4122.3  73.0 64.4
94 VM IdF  1.88  0.128  1.000  0.253  0.118  0.091  0.001  0.060  0.167  0.314  0.225  0.234  3942.1  80.4 56.7
95 VO IdF 14.34  0.110  0.882  0.306  0.088  0.088  0.003  0.057  0.142  0.313  0.243  0.243  3065.7  74.9 59.0
 
